98
26
13.9
3434
97
25.7
14.8
2853
97
25.8
13.9
3204
96
25.4
14.6
3280
96
25.6
14.3
2979
95
25.6
14.1
2746
95
25.3
14.4
2853
94
25.1
14.2
2980
94
25.1
14.4
2925
93
24.8
14.5
2956
93
25.1
14.3
2534
91
26.5
13.6
966
91
25
13.6
2537
91
24.8
13.6
2995
90
24.8
14.2
2248
90
24.9
13.6
2449
89
24.6
13.1
3279
89
24.7
13.1
2965
89
26
13
1158
89
24.4
13.3
3074
89
25
14
1555
88
25
13.4
1821
88
24.1
13.5
3207
88
24.7
13.7
1992
88
25.1
12.3
2434
87
23.9
13.2
3702
87
24.5
14.6
1333
87
24.8
13.9
1379
87
24.7
12.4
2381
87
25.3
13
1307
86
24.6
12.4
2308
85
23.6
13.3
2993
85
24.4
13.7
1437
85
24.3
12.7
2221
85
24.4
13.3
1657
84
24.1
14
1438
84
24
13.3
1860
84
24.1
14
1324
84
24.2
13.9
1284
83
24.2
13.7
1256
83
24
13.9
1338
83
24.2
13.2
1363
82
24.6
12.6
1262
82
23.5
12
3253
82
23.9
14.1
1208
82
24.1
13.1
1347
82
24.4
13.4
1013
82
23.8
14.1
1235
82
24.3
12.8
1385
82
23.8
11.8
2786
82
23.8
12.1
2340
82
23.7
14.1
1162
81
24.1
13.2
1131
81
24
11.7
2293
81
24.1
13.4
1016
81
23.5
12.2
2290
80
23.5
12.2
2303
80
24
12
1663
80
23.7
13.4
1216
80
23.8
12.7
1347
80
23.5
13.9
1167
80
23.6
13.6
1106
80
23.8
13.3
1121
80
23.4
13.8
1164
80
23.6
13.7
1078
80
23.5
13.6
1183
79
23.8
13
1089
79
23.7
11.9
1815
79
23.8
12.2
1415
79
23.6
13.2
1135
79
23.7
12.3
1431
79
23.7
12.9
1135
79
23.7
13
1120
79
23.7
13
1129
79
23.7
13.1
1087
79
24.1
13.5
701
78
23.6
13.5
972
78
23.7
13.1
1018
78
24
13.2
801
78
24.7
12.7
574
78
23.4
12.7
1320
78
23.7
12.8
1068
78
23.6
13
1015
78
23.7
13.1
910
78
23.5
13
1061
77
23.6
12.7
1079
77
24.7
12.5
538
77
24.2
12.9
622
76
23.6
12.7
942
76
23.9
12.2
824
76
23.5
12.4
1014
75
24.2
12.5
532
75
23.4
13
785
75
23
12.7
1082
75
23.4
12.9
785
75
23.5
12.6
806
75
23.3
12.9
799
75
23.4
12.3
910
75
23.4
12.3
908
74
23.4
12.6
717
74
23.3
12.7
763
74
23.3
11.3
1480
74
23.2
12.8
791
74
23.3
12.5
753
74
22.8
12.5
1067
74
22.8
12
1320
73
23.1
12.5
842
73
22.9
12.4
1001
73
23
12.4
896
73
22.7
12.3
1114
73
23
12.5
852
73
23
12.4
816
73
23
12.7
757
73
22.7
12.2
1083
73
22.7
12.5
977
72
22.8
12.4
895
72
22.8
11.8
1169
72
22.8
12.3
884
72
22.7
12.5
868
72
22.8
12.3
889
72
22.8
12.5
811
72
22.7
12.2
932
72
22.7
12.4
873
72
22.9
12.4
755
72
22.8
12.4
840
71
22.8
12.3
826
71
22.9
12.6
662
71
22.7
12.4
812
71
22.8
12.5
719
71
22.7
11.7
1078
71
22.7
12
919
71
22.9
11.1
1368
71
23
12.7
556
70
23
12.6
531
70
22.6
12
915
70
22.9
12.6
562
70
22.8
12.6
591
70
23.1
12.6
472
70
22.5
12.3
817
70
23
12.6
506
70
22.4
11.8
1082
70
22.5
12.2
787
70
22.6
12.2
718
69
22.6
12.6
618
69
22.9
12.6
474
69
22.7
11.7
787
69
22.2
12.2
796
69
22.5
11.7
884
68
22.5
11.6
926
68
22.5
11.6
854
68
23.1
11.2
714
68
22.1
12
830
67
22.3
12.5
553
67
22.6
11.8
614
67
22.5
12.4
483
67
22.5
11.3
919
67
22.4
12.3
495
67
22.1
12
679
66
22.3
11.7
660
66
22.6
12.4
390
66
22.3
11.9
581
66
22.3
11.2
975
66
22.6
11.5
615
66
22.3
11.1
1003
66
22.7
11.6
522
66
22.2
11.5
813
66
22.5
11.5
607
66
21.9
11.8
807
66
22
11.7
854
66
22
11.6
807
66
22.1
11.5
784
66
22.1
11.7
721
66
21.8
11.8
769
65
22.9
11.1
639
65
22.6
11.5
595
65
21.6
13.5
448
65
22.2
11.4
753
65
22.1
11.4
855
65
22.1
11.5
793
65
22.1
11.2
827
65
22.1
12
479
65
22.5
11.4
562
64
21.8
11.6
772
64
23.4
11.7
245
64
22.4
11.5
535
64
22.4
11.4
561
64
22.3
11.5
583
64
22.1
11.7
517
64
22.5
11.4
538
64
21.6
11.6
772
64
22.1
11.3
703
64
22.4
11.4
513
63
21.8
11.3
843
63
22.4
11.4
516
63
22.3
11.4
531
63
21.9
11.3
724
63
22.8
10.8
572
63
21.8
11.4
696
63
22.3
11.3
521
63
21.4
12.3
521
63
22.7
10.8
553
63
21.8
11
954
63
21.7
11.5
663
63
21.5
12.3
495
62
22.3
11.1
563
62
21.9
11
755
62
22.1
11
664
62
21.7
11.2
722
62
21.9
11
721
62
22.6
10.7
563
62
22
10.9
719
61
21.7
11.2
681
61
21.4
11.6
618
61
22.1
11.2
524
61
22.6
10.6
536
61
22
11.2
476
61
21.3
11.5
639
61
21.9
10.8
692
60
20.9
13.5
346
60
21.8
10.8
637
60
21.7
10.8
644
60
21.2
11.3
655
59
21.5
10.8
736
59
21.1
11.3
663
59
22.2
10.9
489
59
22.1
10.9
476
58
21.3
11.1
605
58
21.2
11
613
58
21.5
10.8
581
57
21.1
10.9
571
56
21.6
10.5
571
56
21.6
10.5
519
56
21.3
11.9
246
56
21.4
11.1
397
56
21
11
561
56
21.5
11
372
56
21.5
10.4
527
56
21
10.6
667
56
21.5
10.5
512
56
21.5
10.4
505
55
21
10.8
544
55
20.8
10.6
703
55
21.4
10.4
548
55
21.3
10.8
429
55
21.5
10.3
541
55
20.9
10.8
560
55
21.4
10.2
573
55
21.3
10.4
530
55
21.4
10.4
536
55
21.3
10.3
536
54
20.7
11.9
273
54
21.3
11
346
54
21.3
10.8
363
54
21
11.7
230
54
21.5
10.1
487
54
21.2
11.7
200
54
20.7
10.6
622
54
21
11.7
213
54
21.2
10.3
513
54
21.2
10.3
506
53
21.1
11.7
191
53
21.2
10.3
493
53
21.1
10.3
463
53
20.8
10.7
426
52
21
10.3
499
52
20.8
11.6
211
52
20.4
11
420
52
20.8
10.7
384
52
20.9
10.3
499
52
20.9
11.6
193
52
21.2
10
442
52
21.2
10.1
411
51
20.8
10.1
536
51
21.1
10
494
51
20.2
10.9
428
51
20.7
11.6
179
50
20.5
11.3
245
50
20.2
10.8
403
50
20.4
10.3
529
50
20.4
10.3
529
50
20.5
10
573
50
20.6
10.1
459
50
20.7
11.7
147
50
20.7
11.6
153
49
20.4
11.3
216
49
21.1
10.9
183
49
20.4
11.2
216
49
20.4
11.3
208
49
20.5
11.2
199
48
20
11.5
209
48
20.6
11.2
168
47
20.4
11.3
153
47
20.4
11.2
161
47
20.3
11.2
179
47
20.2
11.1
189
47
20.4
11.1
169
46
19.9
11.5
165
46
20.2
11
185
44
20
11.2
138
43
19.6
11.1
177
41
20.2
10.4
135
41
19.4
10.8
171
41
19.5
10.9
143
41
19.6
10.8
132
41
19.4
10.7
165
40
19.4
10.9
132
40
19.4
10.8
153
40
18.9
10
352
40
19.2
11.1
129
39
19.2
10.6
158
39
19.1
10.8
147
39
19.6
10.8
94
39
19.2
10.8
127
37
19.1
10.8
114
37
19
10
156
35
19
10.2
129
35
18.8
10.1
146
34
18.8
10.4
117
30
18.7
10.1
68
29
18.6
10
71
28
18.4
9.6
101
28
18.4
10
72
27
17.9
10.1
79
