2 40 sigmoid 48 1
1.3800762 2.8856156 1.9042467 2.6802711 -4.9935689 -4.5069575 0.56048083 6.2729874 -1.7323059 -3.8614779 6.1368775 9.3804188 -3.2001646 -0.48225325 4.3019996 4.6163969 1.3301615 -0.090971902 -2.9446459 4.5544491 -5.3036189 1.5944711 -1.8555467 1.2345141 2.516031 2.0961804 -6.8565707 -1.1885591 3.8124428 4.3559341 -0.68897039 4.1513505 -1.4052123 1.3381523 -5.0059357 -1.372558 1.8529645 -0.6735658 -1.0259891 -0.31624818 
-0.57228708 2.5966909 -1.1308006 -1.2220293 -0.398112 -0.99577057 -0.142304 -0.13891852 0.34351906 -0.54991496 0.35805687 -0.46941146 -1.8954672 -0.48283422 1.5254658 -0.97727871 1.0330824 -1.9234604 -1.6593984 1.2182517 -1.729936 0.030759398 0.081964433 1.858699 -0.33145058 1.4207799 -1.0347692 -0.74489599 0.67977309 -1.472376 -1.991025 1.4424602 -0.44163415 4.0215297 0.18954416 -1.1560714 -0.93841803 -2.9833422 -0.75386119 -0.60480732 
0.18081993 0.15457557 0.15171063 -0.1282827 0.28420866 -0.064992674 -1.6708374 1.1144656 -0.47234336 1.3706487 -0.80295891 1.415222 -0.42731956 -0.014959826 0.74018216 -1.185017 -0.89345515 -0.65700835 1.1616324 -0.045149963 -0.85502958 0.44397247 -0.96411288 0.23909564 1.6243415 -0.9116531 0.18347326 -0.041246466 0.73995954 0.0037515706 0.68172604 2.4509134 -1.4902953 1.2324584 -1.35954 0.42301336 -2.0754793 -0.82657766 0.035977803 1.161813 
-0.94256258 -1.8016306 1.6623482 2.4219539 -0.79550165 -0.79250008 0.82394993 -1.9322494 -1.1411355 0.078504987 1.4655046 0.67648113 -1.4173989 -0.55344689 0.36093438 0.45214489 -1.5011376 -1.5977914 0.13025916 1.3758814 0.66821045 0.31684417 -1.9645599 -0.95757633 0.46652952 -0.44930434 -0.45037588 -0.031054424 0.41185933 -0.38173279 -0.36196467 0.50419319 0.69701064 0.33929074 -2.2080834 0.89549786 0.32136211 -1.2776828 -1.117794 2.1312661 
0.82741678 -0.61475253 -0.41341615 -0.50438362 -0.048348378 -1.3028383 0.37908646 0.4482744 0.11553203 0.34812284 2.4647439 0.61119825 -0.40884113 2.1139214 0.64425176 -0.86073929 -0.89461321 0.99019527 -1.1950566 0.13591078 -1.5378084 -0.26147068 -0.9929744 0.33572626 -1.2115163 -0.5257895 -0.86048484 -1.5671805 -1.5948144 1.7539908 0.66948074 0.18346225 -0.015769735 0.6661098 0.67129016 -0.32402432 1.0391152 0.65589291 1.1481588 1.4816563 
2.7852638 0.3867189 -0.40990028 -0.31013349 0.12687442 -0.60391265 0.023469992 0.56509376 -0.07506974 -0.61391973 0.16692172 -0.14393301 -0.41835305 -0.64282805 0.63953221 -0.74289131 0.67884654 0.30296737 -1.0883217 -0.90587974 -0.18029673 -1.3353707 1.5690619 -0.66124141 -1.8827776 -0.79399037 -1.7773222 -0.86607176 1.4759433 -0.28775784 2.7196624 -0.090901196 1.5010049 -0.8556515 0.73873466 0.9597227 0.24603347 1.84996 -0.76739556 0.27878383 
-1.1841836 -1.2322028 0.17679407 -0.21436834 0.97403598 -0.37410301 -0.98814327 -1.7817333 1.9137604 -0.15833564 2.0071712 0.67828006 0.15010923 -1.0716571 -0.86359048 -0.23163413 0.45660779 1.1750407 0.56481993 -0.84090835 0.2687155 0.73339194 0.38560766 -1.5213261 0.56494534 -0.42154324 -0.55549794 -1.7232196 -0.33863974 -0.68651497 1.6838971 1.7822869 -1.6754436 -0.86802524 -1.6159061 -1.4961252 2.4261646 -1.9846877 -0.29201049 -0.69553441 
-1.1608784 -1.3184397 -1.0935073 -1.7825155 0.23597701 1.056162 -1.1616662 -1.2675788 2.6121249 1.0035138 -0.077645376 -1.5032957 -0.77603137 -1.3329396 1.1415061 -0.43403041 -0.6344232 0.2701841 -0.41977227 -0.15442072 -1.3914207 -1.1175712 -0.90862775 0.2082549 -2.7550714 2.3907259 -0.5845533 -0.65348959 0.20228222 0.49810183 -0.59203684 -0.78520471 -2.8290801 -2.8351324 2.3211894 -1.8937736 -0.60661077 -3.0061076 -0.80603069 0.85194963 
1.26613 1.1773498 0.156519 0.31618199 -0.70494252 0.83802885 1.5183221 1.4464483 -1.1925707 -0.22445482 -0.66550249 -0.44754636 -0.97159779 2.2117391 -0.80713075 -1.2721699 0.30344549 0.59488475 0.20675708 1.0263736 0.80914342 -1.1114826 1.1280323 -1.0279542 -0.025295792 1.2117307 1.4071273 -0.99222189 -0.63577116 0.48084754 -0.3245835 -0.98359412 1.2660517 0.1551085 -0.98695004 0.25694549 1.0991608 -0.80433363 -1.180115 0.16747792 
1.5011135 -0.1033398 -1.0248102 -1.6258597 0.11624233 0.61139268 -1.1213158 0.3252072 0.64998108 1.0195726 -0.81536472 -1.6588356 -1.9248548 0.62111199 -2.0706413 -0.67522246 -0.49845654 0.17222238 0.56286079 -1.7376486 0.63027108 -0.92644507 -0.51394802 -0.49298197 0.44702366 0.7062481 -0.030722501 0.23315571 0.51356661 0.0026943854 -0.29837573 0.0025951245 1.0008078 -1.0809652 0.57606876 0.92638659 1.2390689 -1.7118316 0.027829388 -0.19474393 
0.65618247 0.21031335 -0.38903895 -1.1886123 -1.187611 -2.0735152 0.81675863 -0.69366384 1.6349885 -1.609275 0.094952784 0.26667932 1.0917106 -1.2571522 -1.072583 0.14299496 -1.2926054 0.87194419 -0.53257138 -0.54465568 1.5312543 -0.21955007 0.98199797 0.19695868 -2.1211457 1.7642654 -0.0094660679 -0.39666405 0.15301329 -0.15242752 0.43056107 -0.38648653 -0.037527334 -0.83988768 -1.4782804 -0.0025200476 -0.7116254 -2.6747866 0.6557011 0.87027955 
1.1517138 2.189616 -1.8336323 -2.8475308 -1.7580804 0.5244236 -0.61415887 0.9994697 -1.0841818 -1.2240649 2.3843539 0.84760046 1.003788 1.0964315 0.46175066 0.94549561 3.0406799 0.71958756 -1.3452889 1.2808552 0.95800591 -1.5040789 -0.72308093 3.2854724 0.72698522 -1.9894245 0.12890492 -0.79099309 0.28958386 1.4739108 1.0985227 1.1905272 -0.22348756 -0.46571675 -0.42676324 -1.3467671 0.31263474 -1.8606967 -1.2225928 0.6141032 
1.2258623 -2.5119774 -0.48067477 -1.6053079 4.658802 -0.33945501 1.7573833 0.62533307 1.4295752 -1.6669122 2.4281118 -2.4848747 0.32243559 1.2603846 -0.47908318 -0.15124466 -1.3935558 0.6589027 0.60583377 -0.76421106 0.16414462 0.79033738 -0.59137851 -0.97899765 0.025098646 1.8912303 5.4398789 -1.5868717 -3.1985092 -0.67798972 -1.6027205 -3.0185814 2.0020442 -0.079610661 -1.137807 1.7600721 1.5251082 1.8037635 -0.56316775 0.35723743 
0.3958917 -1.8915681 -11.508779 -17.371782 2.8905795 8.9257231 -2.330487 1.5808976 -0.070410006 -1.1997334 5.3230891 -3.0057654 -1.4272139 0.0041412101 2.4880512 -1.091427 -0.92906278 -0.14948338 2.4696562 -3.5641074 3.3555622 -0.67755097 -13.556715 -2.0813608 -2.4671698 3.6413457 4.3020792 0.87195271 -1.695233 2.7371364 0.58557874 -0.69715607 -0.78366178 0.0036858788 -4.2675147 0.11135551 -1.8102528 1.4123385 -2.1259377 -0.561544 
2.2560451 -0.16687809 -6.8146262 -7.6932449 0.99580371 2.6872764 0.20882201 1.7666444 -0.40575162 -1.1331029 4.2338715 0.23889831 -9.2548542 0.287938 4.549881 0.05214918 -1.7994729 -0.074131101 -1.1111877 -0.58521795 -0.55705142 -1.048077 -9.7418804 -2.3930342 -0.77312046 3.364115 1.2451115 -0.91500896 -0.98051268 1.7212521 0.18990846 -0.29959473 0.75462931 -7.6215205 -3.1615086 -2.1639369 1.1712798 0.56867677 0.71226096 0.2156183 
-1.0044093 1.0052314 1.2582327 0.45691961 0.54124701 -3.9483328 -2.0635712 2.1170123 0.14419654 -0.77559674 1.8370968 -0.12607628 -5.1371946 1.3929266 3.1626823 0.81870764 0.03432747 -0.62655437 -1.9833211 2.4068937 -1.9454281 -2.6883378 -0.70369929 -1.7350312 0.92230928 -2.0130992 -1.1254131 -0.7422753 0.73285711 0.16213098 0.49779075 3.0642741 -0.1194052 -10.693418 -0.79161477 -1.2504145 1.6048592 -4.1159091 -1.0836527 -0.98054892 
-0.10872299 0.78230423 3.7218752 2.6377087 0.35416123 -1.5279554 -1.3044974 0.89703047 1.6923039 -1.3245615 -2.1654737 0.91555232 1.670469 -0.39526865 -1.2608758 0.17089708 0.38710439 0.28857091 -1.3224092 1.179605 -0.60491681 -1.0210236 4.1402841 0.68164361 -0.11237708 -1.377542 -1.6346445 1.2617458 -0.82546681 1.4034132 0.3493481 0.73997951 0.50148153 7.4787779 0.081305988 -0.247365 -0.076382257 -5.5436382 2.5612621 2.1203709 
-1.1760362 0.36803862 1.2843359 1.7430927 -0.91752881 0.42800286 -1.3128824 0.75948721 1.6549488 -0.5279789 1.7503053 1.7306201 -1.8819741 0.4499332 1.1697466 -1.1225579 0.35549086 -0.22048362 -1.102635 -0.083618082 -2.8426914 0.22654016 1.8393873 1.4432707 0.051070612 3.9932892 -1.4050764 -0.39244145 0.23851182 0.93869805 0.49564907 -1.9502597 1.2788262 3.3013172 0.35457551 -0.48423842 -0.046015315 4.1553864 2.0209198 1.1521431 
0.5136379 -1.6004577 -1.5553305 0.3211942 0.77749974 -0.47163138 0.85804129 -0.24976365 -0.98630738 0.20028622 0.76172364 0.059897166 1.7746093 -0.35643545 -0.70842296 1.5117899 -0.75725543 1.939362 0.61774635 -0.018898405 0.99895567 1.0379752 -2.686733 -0.043416634 0.52739167 -0.34748045 -0.20844135 -0.23002255 0.49660081 -1.4452485 -0.30396703 -0.32573727 -0.14912507 -0.79313356 0.1340782 -0.31195533 -1.2890258 -0.86135316 -0.39402315 0.86321861 
0.64825821 0.47018287 -0.53889298 -2.9357419 -0.069348007 -1.2595598 1.1323153 0.55601454 -0.83796746 -0.0054868916 -0.79063672 0.44489557 -0.89614493 0.42717597 0.16382603 0.049644172 -1.065901 0.10698593 0.46338525 0.53649628 -0.027242741 1.4911308 -0.035622299 0.16022319 1.8353263 0.7765587 3.3158224 1.8059162 -0.90955067 0.0040141148 -0.13655162 -1.0511882 -2.4293139 1.1123371 -0.62325257 0.5538519 0.78578728 0.25670531 -0.16564253 -0.72047424 
1.5059236 0.14263949 1.2769526 -0.15865669 -1.5794787 -3.8522155 -0.75510377 1.5355591 0.34739378 -2.8139033 1.3954918 4.2140198 -11.098144 -0.80356252 2.164614 0.70589197 1.5726316 0.73849326 -0.55269891 1.2041721 -4.8014979 -0.078515701 0.0806292 0.1769336 1.377566 4.4183931 -1.8597553 1.2539986 2.2917979 3.4997799 0.11166659 1.1505433 -2.1027374 11.34674 -1.855719 -0.34332377 -1.8133979 3.4950657 -2.1508563 -0.20851895 
0.57071322 3.7768152 5.6632156 5.0618119 -6.2782798 -9.9745989 3.9052267 6.5482826 0.10009722 -6.9810238 10.153108 10.012462 -26.712452 2.1532559 8.0358171 5.1411734 4.2162805 0.062407862 -4.5760369 4.1232843 -8.6667013 -0.13274033 -5.8472495 4.3849473 -0.66884828 6.6402392 -9.4578991 -0.83054668 4.1366873 7.4863997 1.3850591 6.2086334 -0.37254038 7.9095712 -4.454124 -2.0658333 2.2834299 0.74530268 -2.8378608 0.96263033 
1.4206747 0.56746948 -0.68635887 2.4290771 -0.99851412 1.4307071 -2.1549087 -0.65946436 -0.074244715 -0.62247908 -1.5780602 0.19731493 -1.7464492 1.4913313 -0.87107873 1.3011419 1.5808412 0.048877463 2.3635619 -1.0147775 1.5456332 -0.54288542 -1.137755 2.0571606 0.17146558 -0.3584868 -0.19309413 -1.1922383 -0.58236301 -0.011285218 0.82120162 1.2557912 -1.1855425 -2.3356533 -0.64116645 -1.084621 1.2244476 0.28027043 -1.453794 0.26180074 
0.25960377 -0.18834774 -1.296313 0.0024322509 1.3181447 0.92303711 -0.33915564 0.82815212 0.44751334 2.1634054 0.090371564 1.0982342 0.648772 1.6783408 0.2008805 0.51482403 -1.7096235 0.95382506 -0.49194911 -1.2298803 -1.0425215 -1.5417475 0.59412599 -0.68673009 -2.5515265 -0.51345962 0.52912313 -0.16670008 0.18253514 0.68536019 -0.14032018 -0.052228708 -2.0494492 -0.052621614 1.0219468 -2.2720425 2.3308384 2.0789802 -0.78133374 1.4908876 
-0.16786586 -0.13636191 2.5602028 -0.10846764 -0.1614958 -0.19872443 -0.79315615 0.63930172 1.0231476 -1.1690603 -0.20619655 -0.28983524 -0.56102878 -0.39441034 0.54546928 -0.9044323 0.24658634 1.6004286 0.43387803 1.0924693 -0.32014495 -1.7838966 0.229121 0.4396652 -0.87809026 -0.84177965 0.71374911 -1.8880589 -0.71132761 -1.881085 1.0632764 -0.24031921 0.10034423 0.85152566 -0.73363179 0.028758697 0.25051033 -0.34564593 -0.071400657 2.0818977 
-0.20940948 1.0792968 0.53133869 0.93205422 1.2671739 0.12977935 -0.11924053 -1.6373397 -0.082487658 -0.36112741 0.21558504 -2.114157 2.7134018 0.051491421 -0.050434511 -1.2971123 -0.72997588 0.17799278 -0.40398997 0.77690363 1.1389046 -1.7815017 1.892206 -1.3490465 0.1772922 -1.2865616 1.628934 0.095793173 -0.74679214 -0.77415079 0.59167069 -0.31441289 0.39982307 -0.30340755 -0.38234013 0.074760273 -1.0275278 1.0071507 0.64194834 0.32219231 
0.021056538 -1.7738959 -0.18511374 -2.460573 1.8347689 0.32479671 -2.0641193 -1.8509477 -0.30178306 0.63311815 -1.4169613 -1.3110059 -1.6348195 -0.36905494 -1.3265283 -2.0882022 -1.5784485 0.7805953 1.3908845 -1.6464211 0.91413099 0.76941442 0.4561556 -1.7100302 -0.34591961 1.4935265 0.63991624 0.88434255 -2.1804936 -1.096287 -0.73249722 -1.4538803 0.84448636 -1.9435254 1.9024928 -2.1167693 0.56831491 -1.1487823 0.16164547 0.085970372 
-0.54459596 -0.13199838 -1.0857321 -0.93350744 1.6670742 1.3583497 -2.0652604 -1.1378753 1.3607711 2.4737451 -2.3584557 -1.3365105 -3.1747208 -0.14666225 -2.953054 -0.40625435 -1.3633149 2.429018 1.714491 -0.43716052 0.29766878 -0.31405002 -1.5789783 -1.7284631 0.78765643 2.8549969 -1.2812083 0.71704328 -2.2348912 -1.1655673 0.53554934 -2.3488572 -0.15967518 -0.55407006 1.3779345 -0.32291481 -2.7382884 -2.0512209 -0.36089522 -0.41699484 
-0.28020683 0.050930146 0.10632267 -1.5536233 0.9557808 0.12124284 -1.7860119 -0.59716588 0.99173325 -1.124812 -0.72061026 0.42326191 0.55934799 0.76872796 -1.7430459 -0.06362731 -0.45659003 0.3436273 -0.68138909 0.12888019 0.042117704 -1.1406864 -1.1154671 2.2248199 -1.3158414 -1.321312 0.56379807 -1.2473165 -0.0521788 -0.53202671 -0.061149918 -2.312031 -1.6535677 -1.9061025 2.2639487 -1.8662459 0.032908238 -0.58250827 -0.2885302 0.20333391 
0.95886159 -1.2927569 -0.73676419 2.119235 0.84869546 0.37355033 -1.7056319 -0.084070452 1.8890393 -1.2096994 -0.10044507 -1.6196129 1.1974578 -1.1755149 0.96350813 1.5715349 0.20085344 2.5826461 0.58595037 1.8601016 -0.27476349 -0.46659765 -2.7660906 0.26175874 0.057530481 2.1517708 1.0631946 -0.72175562 0.35720575 0.74241251 -3.3686354 0.1881007 1.7073877 -1.8475224 0.1019523 0.52962434 0.75673008 -1.5827745 -1.4193838 0.024299853 
0.62698478 3.9552555 3.1968555 -2.3671246 -4.6061754 -3.6878657 1.3625314 4.6964889 -0.40688545 -5.1288033 2.5775957 3.5382128 3.3635364 0.56826258 3.4576862 4.5654106 5.6039696 0.09372884 -5.1157622 4.9563599 -1.9780109 0.73095566 -0.42813388 4.9499836 0.24865116 -1.6164927 -2.3472805 0.41965342 4.1748085 5.0860171 1.2691432 4.9680867 -0.06673611 1.0166404 -3.8114893 -3.0838957 0.13619125 -1.505634 -2.665199 1.5094454 
0.73317623 4.1513081 -0.50566453 -9.3540688 -4.6121244 -1.4936528 1.0557019 4.1661997 -0.022970663 -5.5462041 10.262753 3.531749 12.450344 1.1602387 0.90270215 6.6277575 10.024932 -0.64268327 -6.8456225 3.7739379 0.60739577 0.66106308 -3.0349584 5.7695236 -0.96624666 -7.0946574 -7.4166937 0.44043925 6.9585791 5.7541299 0.78621244 5.729836 -0.90374523 -2.5058136 -6.6214223 0.34293592 -0.35437605 -3.0968087 -1.010859 0.23852096 
1.1770289 1.0045377 -0.10604746 -0.53152454 -1.4379884 1.2206047 0.076723382 1.1160389 0.29302716 0.30824783 -1.4607248 -0.53155619 -0.13350986 0.38656393 -0.85119867 0.065005936 -0.18303511 0.52320075 -0.49742737 -0.53324914 0.6299811 -1.3169284 0.66602731 -0.63494581 1.0312504 -0.089875914 -0.40597546 -0.43051672 0.39777026 -1.0037287 1.0438734 -1.4848838 0.68411618 1.390193 0.054881066 -1.0423903 0.99477637 -1.1234425 0.57116467 0.35228747 
0.22488996 -0.14799558 -1.0680122 -1.0993031 -0.52060121 0.35933647 -0.20226201 -0.041776646 1.3610065 0.85600936 0.36367431 -0.75047278 2.8954368 0.28957102 -1.5310827 -1.3464228 0.53754854 -0.85461313 -0.72731256 -0.75281507 1.1449798 -1.3286896 1.7772163 -0.076097287 -0.61670887 0.32573852 1.0529201 -0.23483022 0.53355575 0.95145947 -0.044551555 -0.51763505 -1.1565528 0.046248294 0.68454355 -0.024287064 0.90175754 -0.50455475 0.39937928 0.09840627 
0.32253519 -1.360057 -0.052335806 -0.063386358 1.0557777 1.4215186 -0.32011157 -0.14070655 2.303776 -0.53430843 0.066178508 -2.1166322 -2.0620744 -0.13750334 -0.61464351 -0.70241988 1.0898226 0.25922713 -0.3528083 -0.42867959 -0.81626892 -0.49868014 -0.73086792 -1.0619078 -1.7766141 1.1457058 0.26376858 -0.63488913 1.3009548 -0.86414087 -0.35484681 0.49236438 1.0154291 1.6985312 -1.2701782 -0.12930544 1.0355742 -0.65869969 -1.0638491 0.047010016 
0.10296305 0.24016795 1.6619723 -7.5863957 -1.1008016 -0.27984145 0.86576927 1.1768188 0.84715492 -2.2702711 1.1973677 0.96272093 -2.472013 -0.52315378 3.1788123 1.1622193 1.1556157 -0.51676971 0.09631221 1.8733351 -1.5842875 1.3495563 -0.3249788 1.8301582 -0.73053765 -1.7458022 0.089341365 -1.5563763 1.0421571 1.3639292 1.3481485 2.0365655 0.51981753 1.2724749 -2.9368336 -3.5037806 2.2365091 -3.8694756 -0.79373109 0.50001377 
-0.96619457 1.8202993 0.41762453 -0.19920179 0.77472448 0.32837522 -1.4170043 1.1793607 2.9973273 -0.51531357 1.7425193 1.3238536 2.5932148 1.5961144 -0.76506311 -0.61487198 0.15516226 0.46189293 -0.22761783 -0.17986646 -1.2997005 -0.1571943 1.6943628 -0.8157655 0.78338027 -0.89328742 1.020496 1.107605 2.458518 0.6807093 2.9192519 -0.36033967 -0.71445107 -2.6409321 0.4170039 -3.5069895 0.93804324 -7.3783231 1.336432 0.13593526 
2.0893626 -1.7239498 -2.4617436 1.3935597 0.52546394 1.8542895 -1.9126086 -1.0050398 1.5486522 1.5420523 0.96085137 -1.0448331 -0.15298752 -1.2272607 -3.0884781 -1.257369 -0.83723712 -0.29014686 2.0799623 -1.0088375 0.90960991 -0.80000877 -1.3534563 -3.8803179 -0.67245173 2.8002384 1.6284558 -0.48271811 -1.5354615 -1.7377791 1.3619194 -1.2472407 1.2394462 -3.0781276 0.63743812 -1.5363504 3.8418233 -6.0487256 1.442665 -0.7926228 
-0.016055949 3.6154368 8.6623707 3.9586489 -5.9976206 -2.2003071 3.8621266 5.8024907 -0.67338586 -5.7601352 3.2245269 6.1875367 2.8153386 -0.53103101 3.2252691 3.2675192 4.6225948 -1.2162936 -5.7801147 7.7614918 -2.4950793 0.51675367 -7.6836085 3.4983046 1.3543169 6.7609825 -4.6019578 -0.60357165 5.5552077 5.0702782 -0.16388503 5.8031569 2.4258728 -0.29699266 -5.9239836 -0.026640594 2.2579451 -0.12216818 -3.2719984 1.4669999 
-0.28937349 46.273251 20.502516 -29.117983 -42.70018 -23.721466 6.5298147 38.922112 1.3173831 -44.311871 43.982864 40.248604 43.597244 0.60903013 21.862848 40.653431 51.306293 1.5988522 -42.581387 29.485792 -27.209419 1.5003523 17.794245 44.201321 -0.25643197 -49.648266 -40.616642 -2.4080799 43.264908 44.398014 0.27154589 42.869045 0.17043334 -0.33084491 -42.473083 -0.62918866 1.5852848 8.122715 -12.997136 0.17090195 
-0.46976873 -0.44161797 0.1418943 0.15780663 -2.00264 -0.69674927 0.950459 -0.42884773 0.56426907 1.2167029 -1.3339318 -0.98856741 0.03250375 1.9269176 1.6879911 0.51468396 -0.092543505 1.2226106 -0.44417819 1.5002408 0.38104072 -1.5987469 -1.2407181 -0.3902643 -1.5642415 1.2275509 -0.66560465 0.50733429 -0.12908259 0.60728544 0.81519425 -0.45505533 -1.0829207 0.29068968 -1.4059824 -1.2961036 0.62025529 1.2015972 -2.6976168 -0.89800912 
0.7254101 0.89508891 1.4858963 0.44146428 0.34219441 -0.099526547 1.0144591 -0.5080775 -0.61541933 1.7962753 -0.27686375 0.22545922 2.7476342 1.9343097 1.5945724 0.47960913 0.44820768 -1.2168052 -0.60268748 -0.82894766 0.93704528 0.65022385 -0.4357107 1.6441629 -1.9591566 0.4355565 1.5419166 -0.82145333 -0.567348 1.4634304 0.34225711 -0.29116026 0.13048409 1.7978389 -1.2220917 -0.046110343 0.10993618 0.26822332 0.45081276 0.12949246 
1.2096177 6.0315847 4.511425 -4.1030197 -4.7693658 -1.4978452 0.58948696 4.2724276 1.6408913 -6.0039725 4.3512712 3.5762339 3.4612563 -1.7799222 3.4984567 5.258441 5.8722806 0.58955985 -5.2362623 5.6384602 -4.0706601 0.85006779 2.1777949 4.0077786 0.60139048 -3.593538 -4.9863334 -0.50031424 6.4122171 5.7789202 -0.61669707 4.6269407 0.29365972 2.1744983 -6.6982284 -0.17077342 -0.40369278 -0.54499203 -1.3978106 1.0359298 
0.63194817 10.139208 8.5795727 -14.38686 -9.4480534 -10.192472 1.7595882 11.753884 1.9164519 -10.700434 6.3831606 10.406354 7.4322495 0.7342205 10.990502 10.58089 13.378706 -0.32619616 -11.04543 9.0000906 -11.579313 -1.9802759 7.7455325 13.552524 -0.083968543 -12.357949 -7.0151091 -0.67081392 12.240607 10.926791 -1.1387204 9.8345566 -0.78383219 1.7384707 -14.338433 0.48335889 -0.24027875 -0.86380899 -4.6552076 -0.44105768 
0.13740063 0.89009118 -0.56911659 -0.68284959 -1.5584561 -2.323019 -0.85095972 -1.2800798 0.62670803 -0.72668701 1.7187288 0.29822347 -0.21674187 0.26202753 1.5592009 1.2332103 -0.75775123 -0.80570549 -0.53925592 0.63868558 0.67027438 -0.60414475 0.56437176 2.153074 0.21009602 -1.7131921 -1.6213089 0.0022424092 -0.72457135 0.020409252 -0.36595047 0.27517971 0.75843966 0.7510044 1.0394918 -0.60737753 -0.1306375 -1.6120442 -0.64687538 -0.24079208 
-1.5981759 -8.5956821 -10.758271 15.297636 3.7388127 5.5576897 -6.7790442 -9.7542458 0.6273821 8.3804197 -4.6058679 -7.0733361 -2.3756137 -1.5687944 -14.120913 -11.203412 -8.6390362 0.4499276 9.5996218 -8.4575968 13.499627 -0.51905274 -5.3158503 -14.307617 0.92865968 16.70166 4.4039812 -0.70597786 -5.5929599 -9.7575684 1.8741833 -8.3002787 -0.25912526 -3.4762409 10.366598 1.983719 -1.1436039 -6.2911525 8.8188772 0.26789647 
1.2680025 -0.17256442 -14.81039 -0.66112256 0.43102086 -0.87147117 4.0553832 -0.057575434 4.3451052 -1.0859541 2.0694196 0.62470305 8.8810139 -0.095606297 -0.29442614 -1.6706827 -0.25755525 0.20999266 -0.2334816 -0.015750347 2.2331593 0.37727097 -4.1256952 -0.096989937 0.29127336 -0.18672371 -0.05012298 0.87982649 -0.05687866 -0.24781758 1.4961877 0.070556216 -1.6691067 16.924982 2.3932586 -3.0852017 2.5611205 -5.2786446 1.9349059 1.1889812 
1.9775957 -1.826665 11.085591 21.311272 6.0452404 0.55298179 10.591793 3.1871402 2.7601616 3.3910275 2.3196654 -7.025775 17.824276 -0.23743896 8.2643442 0.99300706 -4.8546376 -1.438764 2.9255753 7.5551138 17.154785 3.116461 -27.480667 -1.6490544 0.32320666 19.336142 -1.8030422 1.6364021 -2.969764 -2.833308 -0.12567382 -3.8912268 0.043345474 16.479408 1.5108112 -5.5486231 3.1209786 6.1613421 -3.1041424 0.77460074 
2.1288719 -0.93282092 -0.30147406 -1.590557 -1.5992497 -2.5894969 0.22019616 -2.4887142 -0.67929876 -0.90541148 -1.7743952 1.0289526 0.56421125 0.15308882 -0.93580115 0.96322876 -3.0344355 -0.88778603 -0.80110919 0.58366764 -2.0634398 0.081735201 0.29448387 0.8719368 -0.36680281 0.68298221 -1.6095262 -2.3235676 -0.67294359 1.3253083 -2.1530311 0.66530633 -1.0316989 -0.57028723 -0.97984749 2.2013783 -1.1534934 1.3858173 -0.016561385 -0.92751402 
-5.1266513 -1.6561491 -6.6900611 2.0045574 -1.1609945 -0.80499148 -0.053427383 1.3301256 -0.44255632 -0.80238688 -0.05714076 1.5858533 -0.87454176 1.1470457 -1.4097247 0.0092874859 -3.8424261 0.8868776 2.1088979 -1.6715128 -1.2951809 0.26440313 -1.2518839 0.078324296 0.30738616 -1.2505603 -1.0408947 1.3180624 -0.5798918 -1.06804 -0.9103356 -0.41116324 -1.2039717 -0.9745366 -0.87436754 -1.1128174 0.58232182 -0.71025145 -0.61231613 2.1757541 
-1.4038777 -1.6935745 -2.8884346 4.3218784 -0.099298328 -0.6179924 2.8038723 -1.1517924 4.3984027 1.548281 0.10936926 -1.0331544 1.1549457 -2.3248029 -1.9888625 5.2277246 -0.15139788 0.58560169 2.8840566 -3.7891183 0.3288525 2.0019908 -0.39289087 0.15398343 -0.73078334 -1.0973355 0.97217989 4.8223581 0.5951876 0.36451769 -0.0028404284 0.088484481 -1.0997436 -0.046994567 -0.97838849 -0.24199891 8.5260887 1.9775201 -3.7255621 -2.084739 
2.5566125 0.55273473 0.20258304 -0.014490022 -2.0540512 -1.1557021 -1.171263 -5.1871934 -0.010951701 -0.29007846 -4.4161134 -0.98556554 -0.38934609 -2.6513345 -0.76648283 0.061653361 1.7427019 -2.3222358 -7.2336092 1.1453758 -1.888117 -0.94873244 -11.207938 -0.39347735 -0.033436321 -0.29262051 0.099264115 -2.3918955 1.2207732 -0.97304857 1.3577708 0.46402404 0.52404726 -1.6499237 -1.5229224 4.7858109 2.555526 -1.2505817 -11.992508 -0.6274969 
7.2422094 -0.69472319 0.34867299 1.8211119 -1.4631875 -0.43585533 -0.42933396 -0.50362116 -8.9724703 0.7458896 -2.143533 1.8080018 -2.6506286 1.0203066 -1.5007749 0.23810053 -0.98938882 -2.5495107 4.5650859 -2.0165176 -4.2537575 -0.25639424 -3.161025 2.44117 -0.40865645 -2.1806922 -0.95664698 0.92146462 1.1917946 5.1974783 0.26784852 -1.1750548 0.78876889 -2.6604235 -1.1531198 0.023838425 0.22249162 -0.17132635 -0.26257128 -0.77895516 
-0.57688916 -1.301549 -0.31471461 -0.77830076 -0.84328133 0.0050056651 -1.5179024 -3.0068898 -1.2874011 2.860064 -2.3278003 -0.047611188 -1.6523706 -1.1023679 -0.475209 -0.85786813 -1.1508824 -2.1081061 1.3750811 -1.0983356 2.5399349 -1.3364017 0.029920656 0.70166218 -1.5936319 -0.67544228 0.55821162 -0.3846885 -1.9865153 0.31281528 -1.0909262 -0.2725552 1.2103122 -2.6793971 -3.6863019 0.18826687 1.1780967 1.5631355 -1.1648144 0.86716485 
0.11711595 0.4569447 -1.8936045 1.9367318 -0.00039017567 -0.058908358 3.7790873 1.7504674 1.8379419 -0.47565341 -1.8085737 1.4386138 -0.72824889 -0.054980412 0.73114932 0.044286311 -1.5846173 -0.9552235 -0.71134084 -1.189618 0.32062319 -1.0018944 1.4704281 -0.64366728 0.13766697 -1.2786071 -0.3270101 -0.35092631 -0.5178231 2.0729196 -1.2901672 -0.80694729 -1.1688998 0.27254012 0.39553809 -1.144037 -0.62741262 -0.26807672 -2.6905768 1.4624642 
1.9964309 1.0267106 -1.9968449 1.4664314 0.31354344 1.2054247 1.3389565 -1.2866986 0.62102586 -1.1521051 -0.98024869 0.21655066 -1.061628 -0.060791742 -1.3380733 0.16653256 -0.98244941 -0.34429789 12.951939 1.6334753 1.7787858 0.35266337 -0.48040637 -1.0480132 -1.572852 -0.83464897 -1.4806302 -0.086441509 1.4856893 1.4981136 0.39935708 0.047240462 -0.34010208 -0.78444934 0.76787597 -0.26419327 -0.95640177 0.90028262 1.2815317 1.5060502 
0.6936307 -2.4682126 -0.091366164 1.4729108 -2.2726982 -0.90295929 -1.1002728 -0.67465734 -1.3908458 -0.65617514 -0.97998124 2.2990587 -2.7087142 -1.2885784 -1.3665612 0.55520713 0.4433372 -1.6295004 1.8130817 -1.5622243 1.5097682 -0.35195175 0.49080878 -0.071119353 0.94995481 -3.2262714 -2.6115308 -0.67045653 0.59878558 0.53436577 0.3759281 1.018013 0.084018521 -0.97678727 -1.1605076 -0.55960965 -0.45466307 1.3482335 -2.7965178 -0.8452394 
-0.91974467 -0.202448 1.499185 -2.3391874 0.44845378 -2.7247231 2.1284962 -1.775889 -3.5014455 3.2971909 -0.80594796 1.8855791 -1.7021637 0.04152086 -1.0521469 0.36431941 -1.6064067 -0.104565 0.63986528 -0.095899068 -0.96260136 -2.0851653 -1.7270857 3.232868 1.5893173 -0.87398756 -0.17251813 -0.12312043 2.7040026 1.1966784 -3.2110162 -0.05074279 0.93262595 -1.2617426 -0.17636921 0.39258897 -1.1056573 2.3737028 -2.9863377 -1.2596922 
1.0515053 -0.65782177 -0.13395047 -1.6207091 -0.8672868 -2.2294998 -0.85149324 -2.7178426 -1.9217864 1.7868091 -0.80265087 2.4394488 -1.2890973 -0.2225482 -0.63556308 -0.39259434 -0.82497811 -1.3449185 2.1323078 -0.2482013 1.2705956 -0.70014143 -1.9930432 0.25221258 0.61133051 -2.3464644 -3.0208225 -2.8313417 -0.68486726 1.0942136 -1.8065159 1.1966296 -1.2697374 -2.0747986 -1.0591891 1.2228866 3.2287636 1.5887597 -0.19934241 0.050781105 
-0.5218398 -0.72373289 0.50845808 2.6292362 -0.75734621 0.029395627 -1.2949049 -1.6678511 -0.48621187 -1.8679081 1.0247759 2.2903268 0.68181634 -2.3151271 -1.0153916 0.84588253 -0.031767372 -1.9904149 0.72868299 -0.15383151 3.3178718 1.3103933 0.24767831 1.812638 0.8884269 -0.48919272 -0.81712562 -1.6758806 2.6525397 1.9668986 -0.4580771 1.4503531 -1.5802482 -0.72164994 -0.6124382 3.0136776 3.724683 1.8990146 1.6737128 -0.61077976 
6.2062531 -1.0025046 -1.74762 -0.63489294 0.73342723 -0.99512661 2.7078383 0.23839864 0.78948575 5.4578872 0.83575219 1.4032122 -0.87803286 -3.643369 1.7434034 1.8901641 -0.11220343 0.12338027 5.8087487 -3.7534606 -0.17345472 0.855344 6.5466957 -0.42129272 -0.41907987 -0.26651335 0.33906266 -7.3375421 1.8336691 1.6346259 -1.5431178 1.1710222 0.31488958 -0.97045839 -0.99212402 1.7327158 4.650085 0.7097739 0.43823594 1.0630893 
0.2174671 -1.0654901 -0.23857543 -0.7581324 -2.5934443 -1.5187473 -2.9206493 0.95484746 0.4929617 -1.1277099 -2.0126088 -0.49799845 -2.2992477 -0.77185577 -1.915361 0.45360157 -1.4888636 -1.618349 -0.099277124 1.0035836 0.67286563 0.56518281 -2.6094494 1.0137665 0.98391044 -1.5759869 -2.3992391 0.49532467 0.37145576 1.1877332 -1.683688 2.2053819 -0.50176585 0.33435258 -0.97745419 0.063570887 -0.5186922 1.0374857 0.11386604 1.0333518 
2.1546972 -2.0226505 -3.7883523 -0.92687595 2.1978521 -0.15975034 1.221657 -0.74050117 -2.465482 1.9876745 -0.30252171 -0.1612511 -0.24332383 2.2942741 -1.4510412 5.7056742 -2.5894015 1.2614478 4.0807157 -1.1914647 2.4018979 -1.1724422 -2.6845393 -1.8445859 -1.032652 -0.67112923 0.11212289 -2.7625556 0.88289016 0.67096937 0.41618446 2.7174003 -1.0514784 -0.77144134 0.012662121 1.1391613 4.6414542 1.3429449 -0.666372 1.1301155 
-0.40559766 -0.44145855 1.6725188 0.30772296 -1.1528542 -0.98028338 1.9333111 -1.5452036 -0.45531362 0.39871567 0.8628056 0.60115194 -1.2284799 0.25324744 -1.4920657 -0.87589818 0.81127721 -1.727358 2.2889285 3.959733 0.12001963 3.0239968 -0.42821312 -0.1102474 -0.010795773 -0.33024624 -0.16406004 -2.5294809 1.0915279 -0.060458127 0.45455855 2.8937085 -1.0851972 -1.1488687 -1.3669816 3.0009763 -2.6212549 0.32645994 -0.45488557 -0.19106057 
0.75359291 -2.1926084 -1.8485894 4.1275411 2.0068285 -0.2802268 1.3961968 1.4932667 -2.3842747 -1.4007521 1.1067379 1.778088 -1.3495637 -0.47925133 0.94485569 -6.4711537 0.47787997 0.2605519 -4.3352604 -0.23118307 -2.1749251 2.5449128 -1.6055323 -3.1944139 -3.2309086 -2.3808296 2.8860703 2.4698298 -0.22729233 3.1367388 -0.5553152 0.16362241 -3.5738893 0.32640839 -0.59335166 1.0831494 -2.898113 2.4389918 -1.2730937 2.7844727 
0.33960009 -1.8997638 -0.21932881 -1.2006661 -3.249197 -1.702247 -0.47506142 -0.51905656 0.94981575 0.04602005 -0.3181856 1.2643013 -1.0604106 0.67936504 -0.73842943 -0.5845297 -1.3783541 -0.43009904 3.1756463 -0.84800828 1.3564754 0.80731463 -0.81373382 0.63576901 -0.45461768 -1.9896275 -1.5101418 -0.20005989 -0.64653051 0.9943397 -1.2441709 0.93567526 -1.7170432 -0.37772623 -2.8510938 -0.042076137 1.5623791 -0.0075006271 -1.1126781 0.30585223 
1.9550741 0.47888803 -0.46153176 -1.2022163 -0.32266217 1.0969034 2.8174362 -0.28362417 0.84685528 0.021267308 -3.4645123 0.065626606 -1.7057993 -2.041177 -1.3893719 -1.3755374 -1.0082382 -0.83019459 -1.5150198 0.82391328 -1.0898765 -2.630523 -1.4786186 0.64733225 2.3700304 -0.57963675 -0.72417039 0.4681505 -1.4172274 1.6114551 -1.895349 2.3661299 1.7678987 -0.85670656 -1.5634955 -0.14170508 -1.8066428 -0.035627641 -1.5266286 0.11697714 
1.7427732 -1.152642 -2.0834486 1.6546928 -1.069502 -0.052861564 -0.76499772 0.16439191 -0.12703319 0.58400697 1.5170393 1.5824364 -1.3899764 -2.3527887 -0.38069922 -0.60153139 0.25953498 -1.0234803 4.4213123 -4.5818205 3.643177 1.5336088 0.24366994 -1.3108339 -1.1967758 -1.1018662 -0.065216437 -3.2525463 -1.6522884 1.5898315 0.073369101 0.66094774 -0.94703823 -1.7874972 0.37638754 -3.8521013 2.0171585 0.14349072 0.85272193 2.0324066 
0.74645221 -2.4925406 -0.17514534 -1.0668371 -2.2245429 -2.6483676 -0.59334368 -0.3350319 -2.0247166 0.8732385 -0.39374784 -0.56965119 0.22756827 -0.9652524 -1.1652734 0.65048248 -1.3000227 -1.7582526 -0.097861752 -1.2422571 1.7556615 -1.6512526 0.51314133 0.60887218 0.68042666 -0.69153804 -0.68380946 -1.3079743 -1.152545 1.495882 0.46834391 -0.46250325 1.1023409 -1.4641846 -0.085546203 1.5105419 0.4853512 1.1738634 1.6092061 0.28623018 
-1.047316 -0.18897584 0.070670031 0.63969964 1.2326306 0.86870259 2.3260925 0.76545238 0.32188952 0.18645501 -1.0464633 1.2490499 0.59015846 0.68611455 -0.23971923 1.0792234 0.076850519 1.6021122 0.42061472 -1.198189 -0.98362195 0.95764524 -2.0134439 -0.39535174 -0.98705542 -0.86860234 1.0403868 0.82838058 -0.40462878 0.45916072 0.88979667 0.14320019 -0.37359059 -0.23201828 -1.2684822 0.70102727 1.1356394 1.2353773 -0.88775349 0.86423773 
1.4939018 -3.2463939 -0.85700774 0.18347844 -0.72727144 1.6193861 5.1892552 -0.22538 1.0571887 -0.70164448 -1.7226745 4.1892738 0.85176486 5.0535207 -0.10352071 5.9408293 -1.9596922 -0.44485885 -8.9875326 1.5366322 2.5705967 -2.3294165 -1.4893566 1.6298674 0.82342833 0.091651626 -0.76823753 3.3044772 1.9517677 6.1533952 0.95376939 -1.7423995 -2.2680893 -0.30560052 -0.85888988 -0.58829451 -8.1058331 2.3295112 -7.9261589 0.25338548 
-0.79502213 -3.0133328 -0.60098839 2.6371109 -0.67183524 0.33111283 -0.39866665 0.88580549 0.84794813 0.55748951 3.6475756 -0.30307835 1.2813427 -0.59795475 2.190702 -0.16999201 1.0436769 -0.62346226 -3.4707015 0.51762211 -2.2196469 2.1655035 1.8632159 -2.4883764 -2.4496019 -0.23913449 -1.7579223 2.2493079 -1.5591009 2.4849179 0.94283867 -0.74191225 -1.0637158 -0.21471949 0.20203634 -0.14166912 -1.191841 -0.58465505 -0.66892219 0.85547608 
0.77725744 -0.93204612 -0.27837616 -1.6327361 -0.97228497 0.92983454 0.48705801 0.72985595 -1.0780197 -0.0068163523 1.1189544 -1.004352 0.48605016 0.7507149 -0.03399764 0.2559396 0.21484767 0.16502033 -0.40616858 0.24107398 -0.30616122 0.8768087 -0.64195126 -0.88051331 -0.93050468 0.24178779 -1.7873049 -1.5506406 1.2468624 -0.93469036 0.053735942 -0.99657327 0.088868551 0.80957371 0.74775118 0.90413076 -0.54677737 1.2668581 0.25477952 -2.2141235 
1.3644089 -1.5944076 0.077307306 -0.64622414 -0.030057367 2.2198434 -0.3736535 -1.9216065 6.7716451 0.11279332 0.10107224 1.0643373 0.67462194 -4.98068 -0.25007382 -6.3969383 -1.1822075 -2.4784985 -3.4851923 -1.1941833 0.41086194 -0.27954975 -0.78329229 0.66178191 -0.23739979 -1.3598442 -1.3385056 -3.1122034 -2.2487824 0.87709367 0.14632235 -1.4105181 0.49028563 -1.9647268 -1.9155129 -0.28945631 0.058606282 0.94969779 2.9081407 -3.0553455 
1.2181268 0.090334564 -3.1744046 -0.045069449 -0.38716328 0.63063914 -1.0673851 -0.070615388 0.10480917 2.2454302 -0.5619365 0.59449017 -1.0949233 0.93516052 -1.0258541 0.74394828 -2.8801327 -0.33826613 3.2140377 -5.3348165 1.8468095 0.18578631 -0.51769668 1.7641895 0.25464344 1.5305827 -1.5649123 -3.3514466 -2.1202738 1.2959706 -0.81346709 -0.21306254 -0.038968503 0.17663409 -1.1280342 -2.6560323 1.1491363 2.7066126 -2.3642359 1.6672949 
1.1256649 1.5408227 0.14226988 -0.75514621 0.76908565 0.36516231 0.47865611 0.23932242 -0.66581804 0.94256407 -1.2572509 0.44994089 0.63722068 -1.5025643 -0.54618192 0.14050522 -1.7683691 0.56634927 0.25272954 -1.578787 -0.30807203 1.6779432 0.25202963 0.16627884 -0.84824973 0.7462315 -0.34737155 -0.799954 1.3523327 -1.0184008 0.014995505 0.79088271 -0.18159214 0.021339027 0.87694299 0.32602993 -0.67707384 -1.5646442 0.31834674 0.63610762 
-1.3745265 -2.447201 0.069962144 -0.19768041 -0.19238949 -1.586126 -2.1507211 -1.9476703 1.1941613 -0.96794945 0.81565285 -0.88620603 -1.3672906 -3.068017 -1.7350357 1.068337 1.3385745 -0.52848542 -1.3896734 -1.280028 -0.94621968 1.352154 0.44474655 -1.1706161 -0.44633442 -0.18795221 -0.84910655 1.2971835 -1.2127336 1.6360801 -1.258854 2.0075412 -2.0856478 0.21054615 -0.54503345 1.3600154 2.7425661 0.94602323 0.55832517 -1.765399 
0.40038544 -1.1013871 -0.41914415 2.0900393 -0.44374624 -0.69336623 -2.9273498 -1.162264 1.3836458 -1.8285578 0.78963721 0.20683283 0.34850639 -0.78505379 -0.21012363 -2.8292637 -1.5565809 0.51993287 -1.3719913 -3.0576539 -1.1516169 2.1348329 -0.93464655 -0.25521499 -1.6121573 -1.5451574 1.0394007 1.0940046 -3.0579636 0.87495279 0.078720361 1.421325 -0.20738424 -0.98048836 0.68721282 -0.74128348 2.4670656 -0.07478568 1.9865975 1.4529576 
-0.17227061 -0.55811131 0.1005706 0.17531495 -1.7144412 0.48806199 -0.40352219 -2.1291251 0.10445531 0.62076116 -0.50540185 1.5432458 -1.5797786 -0.70298791 -1.5278023 -0.094752282 -0.22003849 -0.23557049 0.59130478 0.97907531 1.5368378 -0.4515529 -0.55954564 -0.7978915 -0.3358565 -2.0049777 -1.6007886 -0.17015797 -0.93555129 0.83018756 -2.6567075 1.8073008 -0.80810869 -0.94415605 -1.3939432 0.44250041 -0.49881771 1.1456971 0.21137604 0.50999165 
0.012671148 -0.92446053 -0.50512105 -1.2535522 -0.059675362 -0.92468148 -0.37808809 -0.16816866 -0.32565853 -0.3278093 0.26859242 0.20178202 0.091708981 2.8544073 0.092670634 1.3997018 -2.6518893 -1.5132076 0.020580772 0.2915599 1.0342587 1.0670629 0.37354872 -1.4595762 -0.19379729 -2.7024732 0.56982839 -2.2470062 -0.35717598 -0.67197001 -1.8751153 0.50119942 -1.9833052 -2.0376754 -1.0463319 -1.2341425 -2.7229292 0.44686058 2.9384577 4.1412544 
-1.6489689 -0.25556955 1.5411514 0.27886227 -0.71001464 1.4582458 0.23380585 3.3126633 0.22889759 1.1181866 -0.41760421 1.4595338 0.077663586 0.89613456 1.5252115 0.15873021 1.5088732 -0.08485055 1.531351 -0.21370523 -0.81427717 -0.69074053 0.98567426 0.23897851 -1.4762803 1.2646695 0.13004591 0.072969183 -0.26421598 -1.1430532 -1.305751 0.23578134 0.066682793 -1.5217602 0.094735362 -0.10335894 0.20614085 -0.074286133 1.2887686 -0.72527552 
-0.16783087 0.69649982 8.4930315 -1.0400401 1.468881 0.39730608 5.1710076 3.2776945 -14.717436 0.79733211 2.7185569 -0.82013607 0.67521977 4.505127 -1.1375562 3.2450137 -4.8649998 -0.050223812 1.8729172 2.7833033 2.297744 6.3591514 3.6443033 0.65876883 -1.0056406 0.090366133 0.20155947 -0.46438712 4.8927412 1.6057622 -0.21087225 -0.44000354 -1.4571069 -0.46529946 -0.85729975 -4.6667447 3.659481 0.44297063 3.7564633 13.423675 
0.87694323 -1.6964874 1.3346816 -0.62233996 0.1978929 -0.68953431 2.6766803 -1.0463494 -6.2917237 -0.65905213 -1.6620992 -0.76164794 -0.37093991 -0.55748492 -1.6776854 -0.0017692173 0.65123636 -1.7874545 2.6695929 -0.98435879 -0.6902144 -1.0476648 -3.9389448 0.27238742 0.62426817 -0.018029755 -1.3887752 -0.15432841 0.53577846 0.11092443 -0.71659982 0.11276558 -0.32827285 -1.5712484 -1.7254233 1.8033293 1.6274449 -0.56611615 1.371758 2.3758085 
-0.85725051 1.3336583 -0.2674123 -0.20613182 -0.56496447 1.5131953 -0.23460981 0.24410032 -1.4056728 -1.2230002 -1.2772189 0.59313279 -0.40189043 -0.57864225 -0.67977434 0.43305856 -1.0906135 0.64456153 0.50482208 0.1147636 -0.32910088 -2.6965671 -0.09512274 -0.59840465 -0.11587221 1.1256299 -1.8517735 0.030223798 0.4154273 1.3175768 -0.3202875 0.62214142 -0.022130314 -1.2615323 -1.6774546 -1.9365684 0.088710032 0.81743312 -0.93082732 -0.72425836 
-0.13675864 -1.5540214 0.36502263 -1.6873287 1.0080274 -2.4427159 -0.97502738 -0.8094722 0.83143723 0.54562879 -0.13139689 1.4059134 0.64492798 0.59741497 -1.5859479 -1.9288081 0.69150072 0.7169944 1.528789 -0.72981513 0.30974907 -1.4213707 2.4310999 -0.5584501 1.194482 -0.72132468 -0.45431536 -0.44192046 1.0195704 1.1088607 0.97994715 2.3339388 1.3899794 -0.77969134 1.3663441 -0.63370943 -0.87853611 1.265075 -0.088969953 1.5915787 
0.3741681 -1.6864278 4.2389498 -2.9315314 -1.3942069 3.1106493 3.7709637 0.36660635 -3.9189825 0.59048617 0.75434083 -0.61689842 1.6809618 3.6435869 -1.2432404 1.5331891 -4.6175423 1.2484354 0.22408013 1.4746057 0.070024893 0.61815822 0.28807479 1.0907421 -1.3005501 0.77847332 -0.80825502 -1.5097768 0.9313342 1.2932971 -0.36452779 0.34062982 -0.35782373 1.521685 1.3769176 -1.8189402 -0.31809732 2.5579717 -1.4661838 11.750412 
-0.30359992 -1.1779827 0.93898278 0.83244067 -1.2633919 1.2672006 -0.57373774 -0.57497877 0.93856448 0.24341272 -2.1695964 1.1386533 -1.3562812 -1.5775626 0.013772751 -0.71738315 1.3177617 0.85335433 0.74631518 0.90645665 -0.54892766 -0.39214727 -1.8130621 0.04198977 -0.83585984 -0.03877797 0.22503322 -0.34049013 -0.94018054 0.11398534 -2.1343992 1.4047122 -0.30251327 0.83942026 -0.3084119 1.6327574 -0.094211876 0.09316238 -1.3491591 2.0663526 
-0.010925539 0.012709096 -0.593889 1.6830999 -0.61880755 -1.1193477 -0.41856331 -0.16758879 -2.1323698 1.2740026 -1.195956 0.67882305 -2.2630553 0.4845362 -0.68094516 -0.1983591 0.71540838 -2.9551835 0.87718344 -0.52926183 -0.92883533 0.22715306 -0.7725215 -0.91554296 -0.67456305 0.33207321 -0.69196433 0.43531889 1.0639822 1.9767015 -2.299504 3.0903213 0.98286057 -1.149933 -1.676653 -0.39648795 1.0848916 0.32014242 -1.5336635 -0.13733074 
-0.51817071 -0.12484422 -0.69227827 0.72058403 0.3011654 -0.34379706 -1.5392709 -0.26662046 -0.75552088 -1.2519233 0.33104137 -2.604358 0.25580969 -0.7719816 0.14599666 -0.84139085 -0.43882507 -0.12195387 0.73111016 -0.60183704 -0.81333524 0.57266623 0.43193069 -1.0586982 -0.32938612 -0.24619611 0.397484 0.76395994 -1.5067087 -1.358349 0.14509711 1.2051758 -0.68472385 0.10676812 -0.01650119 0.36065993 0.24507497 -1.0243332 0.93110281 1.8255551 

1.0693932 1.2337741 0.87411058 -2.0231216 -1.1352084 -0.71271777 0.10317867 1.1632353 0.20701669 -2.4579213 1.9490366 0.68599176 -0.05530066 -1.8324049 1.3368219 0.60926092 2.7082405 0.17837477 1.2111745 2.0689793 0.64773619 0.18986091 1.2011817 -0.98566991 -2.4914248 -0.93316013 -0.28728199 0.30660114 -0.59680492 0.0086083496 1.0176555 0.37612972 0.91404653 1.1989831 -1.2462622 -0.70036948 0.59026772 1.3570598 -1.6233075 0.47606349 
0.0021513207 0.36333105 -0.2735621 -0.16354389 -1.1714963 -1.8633844 0.88339883 -1.1318489 -0.7305063 0.71442235 -0.60777843 2.0470209 -1.3258365 -0.10077586 -2.0666177 0.17146423 -1.8575971 -1.4211981 1.4706233 -0.14664079 0.22699192 -0.80754352 -1.7412372 0.64608681 -1.6648608 -0.25052589 -0.39547384 1.2235211 -1.6729937 -0.5929786 -0.83629829 0.36941141 1.3809857 -2.0037184 -1.034948 -0.049392078 0.60753024 1.0866852 0.35195962 1.5628834 
0.34199393 
